# 
#                 ----------------------------------------------------
#                 Data from a 3D direct N-body simulation. 
# 
#                 rows are i-particle; 
#                 coumns are :mass, tag, x ,y, z, vx, vy, vz, ax, ay, az
# 
#                 NTHU, Computational Physics 
# 
#                 ----------------------------------------------------
#                 Time = 0.0
0.000000000000000000e+00 1.000000000000000000e+00 2.000000000000000000e+00 3.000000000000000000e+00 4.000000000000000000e+00 5.000000000000000000e+00 6.000000000000000000e+00 7.000000000000000000e+00 8.000000000000000000e+00 9.000000000000000000e+00 1.000000000000000000e+01 1.100000000000000000e+01 1.200000000000000000e+01 1.300000000000000000e+01 1.400000000000000000e+01 1.500000000000000000e+01 1.600000000000000000e+01 1.700000000000000000e+01 1.800000000000000000e+01 1.900000000000000000e+01 2.000000000000000000e+01 2.100000000000000000e+01 2.200000000000000000e+01 2.300000000000000000e+01 2.400000000000000000e+01 2.500000000000000000e+01 2.600000000000000000e+01 2.700000000000000000e+01 2.800000000000000000e+01 2.900000000000000000e+01 3.000000000000000000e+01 3.100000000000000000e+01 3.200000000000000000e+01 3.300000000000000000e+01 3.400000000000000000e+01 3.500000000000000000e+01 3.600000000000000000e+01 3.700000000000000000e+01 3.800000000000000000e+01 3.900000000000000000e+01 4.000000000000000000e+01 4.100000000000000000e+01 4.200000000000000000e+01 4.300000000000000000e+01 4.400000000000000000e+01 4.500000000000000000e+01 4.600000000000000000e+01 4.700000000000000000e+01 4.800000000000000000e+01 4.900000000000000000e+01 5.000000000000000000e+01 5.100000000000000000e+01 5.200000000000000000e+01 5.300000000000000000e+01 5.400000000000000000e+01 5.500000000000000000e+01 5.600000000000000000e+01 5.700000000000000000e+01 5.800000000000000000e+01 5.900000000000000000e+01 6.000000000000000000e+01 6.100000000000000000e+01 6.200000000000000000e+01 6.300000000000000000e+01 6.400000000000000000e+01 6.500000000000000000e+01 6.600000000000000000e+01 6.700000000000000000e+01 6.800000000000000000e+01 6.900000000000000000e+01 7.000000000000000000e+01 7.100000000000000000e+01 7.200000000000000000e+01 7.300000000000000000e+01 7.400000000000000000e+01 7.500000000000000000e+01 7.600000000000000000e+01 7.700000000000000000e+01 7.800000000000000000e+01 7.900000000000000000e+01 8.000000000000000000e+01 8.100000000000000000e+01 8.200000000000000000e+01 8.300000000000000000e+01 8.400000000000000000e+01 8.500000000000000000e+01 8.600000000000000000e+01 8.700000000000000000e+01 8.800000000000000000e+01 8.900000000000000000e+01 9.000000000000000000e+01 9.100000000000000000e+01 9.200000000000000000e+01 9.300000000000000000e+01 9.400000000000000000e+01 9.500000000000000000e+01 9.600000000000000000e+01 9.700000000000000000e+01 9.800000000000000000e+01 9.900000000000000000e+01 1.000000000000000000e+02 1.010000000000000000e+02 1.020000000000000000e+02 1.030000000000000000e+02 1.040000000000000000e+02 1.050000000000000000e+02 1.060000000000000000e+02 1.070000000000000000e+02 1.080000000000000000e+02 1.090000000000000000e+02 1.100000000000000000e+02 1.110000000000000000e+02 1.120000000000000000e+02 1.130000000000000000e+02 1.140000000000000000e+02 1.150000000000000000e+02 1.160000000000000000e+02 1.170000000000000000e+02 1.180000000000000000e+02 1.190000000000000000e+02 1.200000000000000000e+02 1.210000000000000000e+02 1.220000000000000000e+02 1.230000000000000000e+02 1.240000000000000000e+02 1.250000000000000000e+02 1.260000000000000000e+02 1.270000000000000000e+02 1.280000000000000000e+02 1.290000000000000000e+02 1.300000000000000000e+02 1.310000000000000000e+02 1.320000000000000000e+02 1.330000000000000000e+02 1.340000000000000000e+02 1.350000000000000000e+02 1.360000000000000000e+02 1.370000000000000000e+02 1.380000000000000000e+02 1.390000000000000000e+02 1.400000000000000000e+02 1.410000000000000000e+02 1.420000000000000000e+02 1.430000000000000000e+02 1.440000000000000000e+02 1.450000000000000000e+02 1.460000000000000000e+02 1.470000000000000000e+02 1.480000000000000000e+02 1.490000000000000000e+02 1.500000000000000000e+02 1.510000000000000000e+02 1.520000000000000000e+02 1.530000000000000000e+02 1.540000000000000000e+02 1.550000000000000000e+02 1.560000000000000000e+02 1.570000000000000000e+02 1.580000000000000000e+02 1.590000000000000000e+02 1.600000000000000000e+02 1.610000000000000000e+02 1.620000000000000000e+02 1.630000000000000000e+02 1.640000000000000000e+02 1.650000000000000000e+02 1.660000000000000000e+02 1.670000000000000000e+02 1.680000000000000000e+02 1.690000000000000000e+02 1.700000000000000000e+02 1.710000000000000000e+02 1.720000000000000000e+02 1.730000000000000000e+02 1.740000000000000000e+02 1.750000000000000000e+02 1.760000000000000000e+02 1.770000000000000000e+02 1.780000000000000000e+02 1.790000000000000000e+02 1.800000000000000000e+02 1.810000000000000000e+02 1.820000000000000000e+02 1.830000000000000000e+02 1.840000000000000000e+02 1.850000000000000000e+02 1.860000000000000000e+02 1.870000000000000000e+02 1.880000000000000000e+02 1.890000000000000000e+02 1.900000000000000000e+02 1.910000000000000000e+02 1.920000000000000000e+02 1.930000000000000000e+02 1.940000000000000000e+02 1.950000000000000000e+02 1.960000000000000000e+02 1.970000000000000000e+02 1.980000000000000000e+02 1.990000000000000000e+02 2.000000000000000000e+02 2.010000000000000000e+02 2.020000000000000000e+02 2.030000000000000000e+02 2.040000000000000000e+02 2.050000000000000000e+02 2.060000000000000000e+02 2.070000000000000000e+02 2.080000000000000000e+02 2.090000000000000000e+02 2.100000000000000000e+02 2.110000000000000000e+02 2.120000000000000000e+02 2.130000000000000000e+02 2.140000000000000000e+02 2.150000000000000000e+02 2.160000000000000000e+02 2.170000000000000000e+02 2.180000000000000000e+02 2.190000000000000000e+02 2.200000000000000000e+02 2.210000000000000000e+02 2.220000000000000000e+02 2.230000000000000000e+02 2.240000000000000000e+02
4.444444444444444614e-02 4.444444444444444614e-02 4.444444444444444614e-02 4.444444444444444614e-02 4.444444444444444614e-02 4.444444444444444614e-02 4.444444444444444614e-02 4.444444444444444614e-02 4.444444444444444614e-02 4.444444444444444614e-02 4.444444444444444614e-02 4.444444444444444614e-02 4.444444444444444614e-02 4.444444444444444614e-02 4.444444444444444614e-02 4.444444444444444614e-02 4.444444444444444614e-02 4.444444444444444614e-02 4.444444444444444614e-02 4.444444444444444614e-02 4.444444444444444614e-02 4.444444444444444614e-02 4.444444444444444614e-02 4.444444444444444614e-02 4.444444444444444614e-02 4.444444444444444614e-02 4.444444444444444614e-02 4.444444444444444614e-02 4.444444444444444614e-02 4.444444444444444614e-02 4.444444444444444614e-02 4.444444444444444614e-02 4.444444444444444614e-02 4.444444444444444614e-02 4.444444444444444614e-02 4.444444444444444614e-02 4.444444444444444614e-02 4.444444444444444614e-02 4.444444444444444614e-02 4.444444444444444614e-02 4.444444444444444614e-02 4.444444444444444614e-02 4.444444444444444614e-02 4.444444444444444614e-02 4.444444444444444614e-02 4.444444444444444614e-02 4.444444444444444614e-02 4.444444444444444614e-02 4.444444444444444614e-02 4.444444444444444614e-02 4.444444444444444614e-02 4.444444444444444614e-02 4.444444444444444614e-02 4.444444444444444614e-02 4.444444444444444614e-02 4.444444444444444614e-02 4.444444444444444614e-02 4.444444444444444614e-02 4.444444444444444614e-02 4.444444444444444614e-02 4.444444444444444614e-02 4.444444444444444614e-02 4.444444444444444614e-02 4.444444444444444614e-02 4.444444444444444614e-02 4.444444444444444614e-02 4.444444444444444614e-02 4.444444444444444614e-02 4.444444444444444614e-02 4.444444444444444614e-02 4.444444444444444614e-02 4.444444444444444614e-02 4.444444444444444614e-02 4.444444444444444614e-02 4.444444444444444614e-02 4.444444444444444614e-02 4.444444444444444614e-02 4.444444444444444614e-02 4.444444444444444614e-02 4.444444444444444614e-02 4.444444444444444614e-02 4.444444444444444614e-02 4.444444444444444614e-02 4.444444444444444614e-02 4.444444444444444614e-02 4.444444444444444614e-02 4.444444444444444614e-02 4.444444444444444614e-02 4.444444444444444614e-02 4.444444444444444614e-02 4.444444444444444614e-02 4.444444444444444614e-02 4.444444444444444614e-02 4.444444444444444614e-02 4.444444444444444614e-02 4.444444444444444614e-02 4.444444444444444614e-02 4.444444444444444614e-02 4.444444444444444614e-02 4.444444444444444614e-02 4.444444444444444614e-02 4.444444444444444614e-02 4.444444444444444614e-02 4.444444444444444614e-02 4.444444444444444614e-02 4.444444444444444614e-02 4.444444444444444614e-02 4.444444444444444614e-02 4.444444444444444614e-02 4.444444444444444614e-02 4.444444444444444614e-02 4.444444444444444614e-02 4.444444444444444614e-02 4.444444444444444614e-02 4.444444444444444614e-02 4.444444444444444614e-02 4.444444444444444614e-02 4.444444444444444614e-02 4.444444444444444614e-02 4.444444444444444614e-02 4.444444444444444614e-02 4.444444444444444614e-02 4.444444444444444614e-02 4.444444444444444614e-02 4.444444444444444614e-02 4.444444444444444614e-02 4.444444444444444614e-02 4.444444444444444614e-02 4.444444444444444614e-02 4.444444444444444614e-02 4.444444444444444614e-02 4.444444444444444614e-02 4.444444444444444614e-02 4.444444444444444614e-02 4.444444444444444614e-02 4.444444444444444614e-02 4.444444444444444614e-02 4.444444444444444614e-02 4.444444444444444614e-02 4.444444444444444614e-02 4.444444444444444614e-02 4.444444444444444614e-02 4.444444444444444614e-02 4.444444444444444614e-02 4.444444444444444614e-02 4.444444444444444614e-02 4.444444444444444614e-02 4.444444444444444614e-02 4.444444444444444614e-02 4.444444444444444614e-02 4.444444444444444614e-02 4.444444444444444614e-02 4.444444444444444614e-02 4.444444444444444614e-02 4.444444444444444614e-02 4.444444444444444614e-02 4.444444444444444614e-02 4.444444444444444614e-02 4.444444444444444614e-02 4.444444444444444614e-02 4.444444444444444614e-02 4.444444444444444614e-02 4.444444444444444614e-02 4.444444444444444614e-02 4.444444444444444614e-02 4.444444444444444614e-02 4.444444444444444614e-02 4.444444444444444614e-02 4.444444444444444614e-02 4.444444444444444614e-02 4.444444444444444614e-02 4.444444444444444614e-02 4.444444444444444614e-02 4.444444444444444614e-02 4.444444444444444614e-02 4.444444444444444614e-02 4.444444444444444614e-02 4.444444444444444614e-02 4.444444444444444614e-02 4.444444444444444614e-02 4.444444444444444614e-02 4.444444444444444614e-02 4.444444444444444614e-02 4.444444444444444614e-02 4.444444444444444614e-02 4.444444444444444614e-02 4.444444444444444614e-02 4.444444444444444614e-02 4.444444444444444614e-02 4.444444444444444614e-02 4.444444444444444614e-02 4.444444444444444614e-02 4.444444444444444614e-02 4.444444444444444614e-02 4.444444444444444614e-02 4.444444444444444614e-02 4.444444444444444614e-02 4.444444444444444614e-02 4.444444444444444614e-02 4.444444444444444614e-02 4.444444444444444614e-02 4.444444444444444614e-02 4.444444444444444614e-02 4.444444444444444614e-02 4.444444444444444614e-02 4.444444444444444614e-02 4.444444444444444614e-02 4.444444444444444614e-02 4.444444444444444614e-02 4.444444444444444614e-02 4.444444444444444614e-02 4.444444444444444614e-02 4.444444444444444614e-02 4.444444444444444614e-02 4.444444444444444614e-02 4.444444444444444614e-02 4.444444444444444614e-02 4.444444444444444614e-02 4.444444444444444614e-02 4.444444444444444614e-02 4.444444444444444614e-02 4.444444444444444614e-02 4.444444444444444614e-02 4.444444444444444614e-02 4.444444444444444614e-02
-1.424986562772997956e-01 8.326656348716283684e-01 -2.549905465392504067e-01 8.580372362410751963e-01 -1.591148694791666984e-01 -4.337876029184943305e-01 -7.149551362274716437e-01 -5.412717283269494195e-02 2.018956779841295290e+00 -2.391263698158627271e+00 2.456388747317806154e-01 3.565521138711286731e-01 7.722820811669330876e-01 -7.778935389781417298e-01 3.265281592210301786e-01 -9.348370562942094619e-02 -5.350898134009824947e-01 1.182317086932663575e+00 6.319860285306643233e-01 -2.488003648532113310e-01 -5.944194816732821796e-01 2.507383996470128995e+00 -5.280445351447855817e-02 -3.507111278037057800e-01 2.148451511239062750e+00 9.481746101829863216e-01 -2.408563167047403086e-01 2.960118224112419316e+00 5.882360044858309323e+00 6.721633979236375511e-01 1.093994517662759902e+00 6.183213759311548818e-01 -1.905794361914725288e+00 -3.884484045191517465e-01 7.399773647886782879e-02 -2.051382787727754398e+00 3.096110861500909195e-01 -2.133147584713367184e+00 -3.950676358689458323e-01 1.217385762454386289e-01 -4.207912828451719989e+00 -6.554561276926234026e-01 -7.294484584504981051e-01 9.840473240470483107e-01 -9.147158009971614323e-01 -2.226974650279047729e+00 -3.445305364350465527e-01 -4.709713499453300756e-01 -1.800998242153258211e+00 -7.178844873862977316e+00 -9.902455930390316463e-02 -8.591191185622042426e-01 -5.196854756899520478e-01 5.065394197343402460e-01 2.310671762287775710e+00 3.845212118538631763e-01 5.702786825586788483e-02 1.413548687722706809e+00 4.150703879132436880e-01 -1.874632937633806451e+00 8.364343634475316369e-01 -1.110092852324996882e+00 3.239532776533443625e-01 -1.031704357481815770e-01 -3.319248429244010534e-01 3.712666691218147741e-01 -2.353158794541193033e-01 -5.211989092755254793e-01 -7.100969624886018794e-01 -8.016003439966975508e-01 -3.778730249235081051e-01 -1.974681403567906113e-01 -1.336586574351813717e+00 -1.871312913711616899e-01 -2.223576262802126280e+00 -8.748378706449173869e-02 1.077726588098052662e+00 -4.129889745053625522e-02 -5.194582021161545660e-01 1.096290297901989230e-01 9.805117187307273996e-01 -1.049276855621303906e+00 6.532905603667265027e-01 3.853721097142062679e-01 1.373045743911824879e+00 -7.823777346590816972e-02 -3.263689571696968272e-01 -7.786728183177693552e-01 5.062044868071238213e-01 -2.461767463745356543e-01 -8.413701304853856699e-01 1.951762899873309975e-01 1.253752135754673536e-01 1.285574912764601896e+00 2.385035383753763227e+00 1.254577758294914469e+00 -9.641084857765617189e-01 -2.191335618550956932e-01 1.770587286062509591e+00 3.310485713884647185e-01 -5.089663251188731863e-01 -1.090715937482009457e+00 -2.800771380454738946e+00 -1.519422051687068898e+00 -6.797561800932473697e-03 -1.908229812589953278e-01 2.282403595168019383e-01 -1.461619586066459364e+00 -6.257011316291700709e-01 8.764826797203015274e-02 -1.145337181193751164e+00 2.328578430768977747e-01 -6.539329727726446162e-01 -1.316537922557136531e+00 -1.252169802352469219e+00 -3.854414356579817014e+00 1.137568894118972107e-01 -1.741634816513930040e-01 1.071720601332912803e+00 4.300689509022284085e-01 5.891870824689877661e-01 -9.622695073824532042e-01 1.648308136908260391e+00 -8.844836639981371595e-01 -5.361628052993091531e-01 -1.274610139045658563e+00 1.574461833315282444e+00 1.468613081697565770e+00 8.357257340247689070e-01 -3.313656556113168339e+00 3.261477239901208192e-01 -7.203245293162479079e-01 -8.216322692649359327e-01 2.955890283927217754e-01 -6.698358708400679040e-01 -5.889984426635545001e-01 6.554383762436403194e-01 -7.254522756860621868e-01 3.533027984753444040e-01 7.507152162552790386e-01 5.361426744291334145e+00 -1.028701263250550779e+00 -1.620750982318070743e-01 7.036928207213423159e-01 3.693077740823210720e-01 -4.574911862600898327e-01 -4.638040175257926445e-01 8.342941142104776109e-01 -5.349542985876295509e-01 1.476267438241828600e+00 -8.518072531270954872e-01 -4.515801974402197105e-01 -3.860269066582808772e-01 4.906150377965299847e-01 7.708444908495647452e-01 6.784938861142110200e-01 4.124018495566358911e-01 1.412653820058406284e-01 6.613476747390265587e-01 -1.050916875505220061e+00 -4.162103104453075963e-01 8.396573524841001168e-01 -2.096837188592393653e-01 -1.735189500512245575e-01 -7.086119342275235544e-01 4.362488936237133297e-01 -2.027162691932886229e+00 6.029428864867643068e-01 5.051868809462092269e-01 1.723490982809950944e+00 4.365532594023289747e-01 4.387174922763504847e-01 5.426267556515129709e-02 -4.184041929916891278e-01 2.005971249019379843e-01 1.050986703935780753e+00 3.873070808218603833e-01 -7.801624162426293863e-01 1.759317214364104709e+00 -2.864816980369436106e+00 -3.493184378344370566e-01 1.378079016962544534e+00 3.153845245644765760e-01 -1.498981732818097212e+00 4.727300400460653917e-01 5.010851810255658595e-02 -7.112421392336488735e-01 -9.246344453367210114e-01 -7.399233714080667434e-01 2.012327957163224212e+00 -1.358959351043093344e-01 1.471501056306113997e-01 5.690125371953645983e-01 7.734739151027723025e-01 -3.317921187689245599e-01 4.376659495739937400e-01 1.770573010197220354e+00 -8.522118163603659147e-02 -1.906839957320280443e-01 8.189333645393418459e-01 7.286549522194201156e-01 4.138581202031713646e-01 -2.944490598991381880e+00 -1.986635888876883360e+00 3.846040784731468709e-01 6.332603661002855766e-01 -1.519261000090060543e-01 -1.319741240174619745e-01 -4.747616368868476933e-01 -1.739282535554327103e+00 -8.605839352742635784e-01 -3.888188860979532091e+00 1.247474359754839002e+00 9.965530128627911877e-01 -2.903445693918915715e+00 2.357563839214398271e+00 -3.373613875472659895e+00 -3.810187486210556695e-01 -1.247132320977282632e-01 -2.428044884276917004e-01 1.704998041623982719e+00 6.402932323599379583e-01 -1.050973538374533112e+00 2.479188445909819016e+00 -5.487405320685188048e-01
9.702836204517641949e-01 -4.413105149505994085e+00 -4.130988920266440712e-01 1.831256821558754355e+00 3.304953939866884793e-01 1.371419233494743095e-03 5.191248634767858805e-01 1.268180370547290492e+00 1.480011346132346306e+00 1.353569765822360216e+00 -8.305653388358816835e-01 -6.497626506095276200e-02 -1.145489445280879343e-01 3.413701654623182979e-01 -1.084416562349525437e+00 1.237979859815697026e+00 1.242608672600581110e-01 -5.127214154637503851e-01 3.667590284112397514e-01 1.303232355750394422e+00 1.230289309845231438e+00 1.951394814707754888e+00 -3.399643878148757570e-01 -5.495428447109735881e-01 -1.683043609400634466e+00 9.611238741670923291e-01 -1.085654639275214078e-01 -3.567808437114249887e-01 3.065134468723406336e+00 8.414126596454811757e-01 -1.583470835994004400e+00 1.463250206469204895e-01 -4.560748199944391623e-01 -2.549093416648503529e-01 1.002728539481717585e+00 -3.072035419082090435e+00 -8.230816560541676097e-01 -1.929361967037929837e+00 8.416423328545741267e-01 6.415401819454139565e-01 1.842563484641789984e+00 -3.549511900121922747e-01 -4.607798266606979443e-01 -6.805499779052518461e-01 7.991143852441721929e-02 -1.647227830454665920e+00 4.677300758779295159e-02 -1.126184048740803689e+00 -1.081524060388436181e+00 -3.331238272978039650e+00 4.621714033253874199e-01 -5.738644995191621856e-01 -3.915155172145554641e-01 -2.653526883432069661e-01 -2.036834769109978183e+00 -8.582982831088173392e-02 -3.388020612864703351e-01 -3.872799446913933186e-01 -4.132882518745868983e-01 3.136281301780105224e+00 -3.451207117476722264e-01 7.569645462373134071e-02 4.516639495002227611e-01 -9.073535858493163575e-01 5.516440350485913857e-01 1.677076037503876460e+00 -1.794541089543781665e+00 1.375891115151202992e+00 1.475990209675626552e+00 -2.166969402617238138e-01 1.935582405725388977e-03 4.324370017190014015e-01 -2.952885555040440480e+00 -6.092201664182234078e-01 1.462482368105833541e-01 1.056171016306579613e+00 3.297255001516022355e-01 9.391078650245884285e-01 -4.684680945551019104e-01 9.277979384414003494e-01 8.630983282282695540e-03 9.397377617416715623e-01 -8.065913750106804558e-01 6.959054169121917655e-01 -1.709760106422573589e+00 -1.386987086219682919e+00 -8.103582909167755810e-01 3.192044339011600451e-01 -8.776746117132130376e-01 -7.452719489443637713e-01 -8.779839276180179120e-01 -1.321945751000389857e-01 -8.612599753045427908e-01 -1.641877847653066547e-01 -1.362484946394571850e+00 -1.965564936417966369e+00 -1.319885630456680392e+00 -3.026031943848278560e-01 -1.561497109807571254e-02 -6.365844917169032335e-01 -1.378894189575352071e-02 -3.950672103083404663e-01 1.228392980464342754e+00 1.529982449483895390e+00 2.355819869047326431e-01 -9.400093813292212941e-01 -2.453428506778816409e+00 1.029453131855458281e+00 8.975572233524618804e-02 -4.396166567450411899e-01 7.874782517083801503e-01 -2.466327462861630793e-01 -3.503216136087387023e-01 1.031950797856461710e+00 -1.125778908733195749e+00 -1.559127884477784720e+00 -2.219977313492369764e-01 -4.819821718858260384e-01 1.579042450018989019e+00 -1.618410445172241641e+00 -1.920442891002470009e+00 8.544852563841864868e-01 -3.496685440973779785e-02 7.770780324083468305e-01 -8.088676890919992424e-01 1.034066939473792912e+00 2.356105712993873613e+00 -2.223259487003672596e+00 -1.677442276800926058e+00 -2.868942157033297913e-01 5.737989058449636248e-01 -4.280938568345987738e-02 2.357712018999462422e-02 5.461383103296180153e-01 1.879371943827889968e-01 -1.024414998198484916e+00 6.666395102824169694e-01 3.501514515859008192e+00 -3.405994939423624412e-01 7.270602303509439146e-01 -1.083658808755431080e+00 -5.137209965068995077e-01 8.301752648255049660e-01 -4.865342439725543477e-01 -2.227966462360193578e-01 2.173761206305569349e+00 -3.074734222131800809e-01 7.157265748588477194e-01 9.068056405264928177e-01 -7.023433986219435043e-01 5.044057118206922707e-01 -2.173347019643117328e-01 -6.660376343727127113e-02 3.887719242366208250e-01 -1.249201276613543243e-01 -4.055902564840335178e-01 2.039624354597969536e+00 7.598245439839208526e-01 -4.611734155743867913e-01 9.483567575590825527e-01 -1.117473764054344038e-01 1.008464006989750195e-01 -2.710029779904476577e+00 1.584008649666103663e+00 -1.318578750893029561e+00 1.092959566965471030e+00 1.640018563245476402e-01 9.002835223889898986e-01 -3.857171532325284063e-02 2.462255383091101812e+00 -1.011386949855423545e+00 -3.395069226675415108e-02 3.369079397931797004e+00 -7.517922552513487400e-01 -1.314073796086816237e-01 1.197968814980510804e-02 -1.242482497736570046e+00 -6.840574346524563865e-01 -8.072639546849091907e-02 -2.470150260943789977e+00 4.370146081143887473e-01 3.971594576076480920e-01 -2.309812309252965878e+00 -5.063407154462198356e-01 9.576683078328719345e-01 -7.038019071204384414e-01 1.398001075217112366e-01 -8.491172175458617799e-01 2.460157037685569148e-01 -3.456221328993737130e-01 -2.546616424307083237e-01 1.249033029135625306e+00 5.521938823712231326e-01 8.703998870754385830e-01 1.126300191701729903e+00 1.190697436883515481e+00 1.649819149928577477e+00 7.161227300142891661e-01 -3.077526353939287196e-01 2.426716878365182128e-01 1.062906310421655842e+00 -8.483143914739531555e-01 -8.496587887926940752e-01 1.797616255716708022e-01 1.484739087445431149e+00 -3.522853235731557842e-01 -5.002236077589877761e-02 -3.117145400365199312e-02 -6.025087301867140255e-01 2.183241142858336203e-01 1.479232611034524192e+00 -9.496437163358413258e-01 -3.456094844347019635e-01 2.070714605970924715e+00 3.125348908870782871e+00 -1.112492519341907071e+00 3.007170843048038833e+00 -1.749538359451759395e-01 1.002094245460412703e+00 -8.516187486462051259e-01 3.100364935222886587e+00 -2.312611874396807432e-01 9.100396131622693341e-01 -1.618315918897325345e-01 -1.375440185393697279e+00
-2.196291049016282082e-01 2.003691957115511624e+00 -3.146043756254870982e-01 -3.756605077396232950e+00 3.015412853087038325e+00 1.191478864949961913e+00 -1.567086317634913684e-01 1.073364075588118416e+00 9.773714543614783201e-01 1.633834784279507790e+00 1.017078796757130199e+00 -2.037846325652514778e+00 -4.551012101839234880e+00 -7.953544137996488850e-01 -6.040225018943543578e-01 -8.352205837997871418e-01 7.881866152836467521e-01 -2.268326476307150896e-01 -1.182868956174253805e+00 9.879436365192737282e-04 8.291926909076241525e-01 -9.371713045349379101e-01 -3.525105865516085513e-01 1.377785522097221715e+00 -5.115688765862596021e-01 -1.393244525165955316e+00 3.382668655526754886e-01 2.108530757233623376e+00 8.888016077444373941e-01 1.007482147351356438e+00 1.409735301470267821e+00 3.159707080313709504e-01 1.000312043003078522e+00 5.119700605934445203e-01 -1.507317302555659877e+00 7.851572577448209245e-01 2.502880394059312064e+00 -1.728716005316736304e+00 -7.221039028150472161e-01 4.834446487898792499e-01 -2.781667025896060186e-01 -3.726650121035130492e-01 8.933376473145893115e-01 6.810033904175843977e-01 1.065473325222218604e+00 -1.091892015939150751e+00 -3.529100849562434306e-01 8.217802114498526378e-02 7.680169527078453129e-01 -5.288308677330293417e-01 5.371118633007333498e-01 -1.054080846168274022e+00 1.350156791374839571e+00 1.861547811005222153e+00 3.400672007170606914e+00 -2.417524648617382255e+00 5.266427407058379279e-02 2.174473577445059647e-01 1.227750045296624737e-01 1.310754063707858519e+00 3.566433024567089438e-01 -1.620111854680787111e+00 -5.710868693950981179e-01 -1.789560661191623714e-01 5.091506726222415624e-01 -2.497070418785542589e+00 -1.772666400056567948e+00 -1.787341661785261548e+00 -1.671713805428209243e+00 3.774282055428019866e-01 3.599359294677877408e-01 -6.818108025034227970e-03 -1.673713292481490700e-01 9.629869375169318735e-01 -5.703210507418395858e-01 -1.227663609288937030e+00 -3.876932296842014458e-01 -1.314815959328560491e-01 -2.634915811016689702e+00 -1.994969818326221972e-02 7.842659877712582217e-02 -3.048799339190775837e-01 3.280174520702233143e-01 1.549773643861207306e+00 1.327130792548290694e+00 -9.589076909534978155e-01 -7.609662311210280139e-01 1.319513554416243684e-01 -1.875039002420604950e+00 6.890393206952111216e-01 -4.637016375481025632e-01 9.439011762476834377e-01 1.701130899219565951e+00 -1.310997567448944245e+00 1.660635703706748068e+00 2.169610299938746767e-01 4.098059785152654566e-01 2.181696842433724359e-01 -2.599683221851713633e+00 7.027721793611708678e-01 3.200658194532903789e-01 5.305258928344230157e-02 2.191730478036171270e+00 -3.563732213451469844e-01 4.557027519148991179e-01 8.013831891449662015e-01 -1.165583380647438716e+00 -5.881758195129342948e-01 -1.049293368305150298e-01 4.018028823914684411e-01 -1.160138293519438646e+00 6.180487207406073491e-01 3.141664185057242875e+00 -4.766653416102861751e-02 -1.103274992364523310e+00 -1.502291400514666142e+00 3.151190462821716887e-01 -2.716174111585188400e-01 5.628162762915038808e-01 -5.767726233445318318e-01 3.335849431118234065e-01 -6.287347894241481772e-01 -7.958368428318935983e-01 1.166387986344116917e-01 1.495787035097125850e+00 4.174032315278125571e-02 -1.100969070206111011e+00 -5.161324593638304536e-01 5.934911363576268473e-01 -4.299844502598580420e-01 1.629498534894443296e+00 6.329605044542164771e-01 5.619235396456434550e-01 -2.836396458592271852e-01 9.133613816731985802e-01 3.658833832355345428e-01 9.971439537077111392e-01 -1.087860475429526019e+00 -1.101873855653340950e+00 1.725609514023845326e-01 6.761546189577665178e-01 5.301839117826764314e-01 -2.229491366577846634e+00 1.097122729583032363e+00 4.352635808030796416e-01 6.372051280444901433e-02 -1.747272407958306628e+00 1.398077958765983064e-01 -4.380513795577543057e-01 1.189347842321829107e+00 2.421752035094462130e-01 4.253578282083950723e-01 -4.266023525256035787e-01 -1.992716521509179106e+00 2.632034102258192787e-01 6.365207287453785723e-01 -1.875336208055599529e+00 -2.156035690394058901e-01 8.015807434938119203e-01 1.620257124190854991e+00 -8.828978556566523528e-01 1.050077316105517689e-01 1.102984247537636575e+00 8.181193389732378529e-01 1.602534595600716705e-01 -2.592608917809760549e-01 -5.660762346309508031e-01 7.850427067246303903e-01 2.381320634548023674e-01 2.251332693893409953e+00 2.144530473575485985e+00 -4.902993767971316474e-01 -2.429658255906371078e+00 -1.186392368541991038e+00 -2.247016902163930241e-01 1.313836140029151389e+00 1.935358909966644336e-01 4.867156190382864733e-01 -8.300806665814151053e-01 -8.931542667903260568e-01 -1.371584721382222316e+00 8.444346164632362539e-01 1.636557357460330486e+00 4.388913162995130568e-01 -7.683813507949803778e-01 -2.990955796494715324e-01 1.808563909119078467e-02 6.763187733934815649e-01 -5.401844662565047361e-01 6.829938186989558124e-01 -1.300910524077082686e-01 -1.758228141394200472e+00 -1.529130701420291949e+00 -6.618168744101239342e-01 -2.495207626182960881e-01 3.321771413200234946e+00 2.572100188588314129e+00 1.511679891732720549e+00 -1.265027332586834197e+00 -9.598651385154827187e-01 -6.983888742245757397e-01 1.099534522720160723e+00 -1.579300188935740756e+00 6.391781726820273679e-01 -5.269477491291442162e-01 -2.433671882423844579e-01 3.125638273643149834e-01 1.230954682395082322e+00 6.999423220261065115e-01 -8.545033582373448011e-01 -2.138353525772353492e-01 2.261503353308232711e+00 1.751507021753126114e+00 -1.100870764422507836e-01 -9.863705898263841476e-01 7.076268823263618390e-01 -1.154941743318865122e+00 1.369923277986231369e-01 -2.289850669677758521e+00 1.018604826048014195e-01 -7.407962905896986472e-01 1.478059426873346294e-01 -1.183396590774004276e+00 1.843291757266475983e+00 -7.801951216364366726e-01
5.863406049082806604e-01 6.219176828741656005e-01 5.766052728126567217e-01 1.311492203081957797e+00 -1.340505263410718628e+00 -2.282216878563588514e-01 -5.667098959208203279e-01 1.776461572251732818e-02 2.410036889314560504e+00 -6.922601408497096598e-01 9.454500889518475670e-01 5.107309242923089299e-01 3.756821130350195270e-01 1.398627711522629324e+00 -1.354192784906629532e+00 3.521953968840881855e-01 -1.091086718819996193e+00 -1.452673705715143093e+00 -4.248425119636444758e-01 4.866969659834685102e-01 -1.796962312799331496e+00 -2.739660122715698032e-01 -1.503448971565467085e+00 5.484738686493090265e-01 1.267233377878062006e+00 -2.235287868006734235e-01 3.881027708687738165e-01 7.456143507447027252e-01 1.730079644094720237e+01 1.875402361367645376e+00 1.213362596222340217e+00 6.584376928090653891e-01 -1.618297919170551102e+00 1.093853382635123356e-01 -2.356365710469241204e-01 -7.430301839164129563e-01 -1.387032917818969147e-01 -7.396797727208642703e-01 -6.565931941063701816e-01 1.153409643398755208e-01 -1.442491902972329321e+00 -6.638957877750322201e-01 -5.343589101190391322e-01 1.094634564378366592e+00 3.951900825596001976e-01 -4.816003010433799192e-01 1.569118909842308840e+00 6.265410639526710623e-01 -1.073099126292847760e+00 -1.984205741512958809e+01 3.852468220712529368e-01 4.028217731913904531e-01 -6.827217608582631936e-01 9.742350654429983159e-01 2.737668140486909096e-01 -1.831053894243920954e+00 2.176751669258929489e+00 -2.277296947142393169e+00 -1.935531918050871214e+00 -6.571638785755329337e-01 2.390935298872963521e+00 1.180525359270685470e+00 1.072333456398655072e+00 1.823687735025894874e+00 1.434559574480634758e+00 -2.739752817009158403e-01 -8.212324081423052480e-01 2.266358850410246650e-01 1.440686366996025036e+00 1.512052839903394119e+00 -4.403649895613779841e-01 1.483424312256132804e+00 -1.846253782854953673e+00 -4.905752340499617836e-01 1.214351465906584049e-01 -1.547493258018316720e+00 -1.660669425628332974e+00 2.678880192782954195e-01 -1.034547792893582452e+00 2.229781406030702851e+00 1.599607018965254479e+00 4.084471004868631128e-01 -1.019305180221996565e+00 2.189213195223609354e-01 -5.648360213193973633e-01 8.167094411009691024e-01 1.533464287926672720e-01 -7.263761190101742926e-01 -7.032911917714194105e-01 2.395184057351866791e-01 -7.619405857796833770e-01 -3.878956435132052127e-01 2.697384133915363136e-01 -2.261022437951912545e-01 1.031561062158461883e+00 9.135735150250771097e-01 1.261848249042067660e-03 -8.652736056638564710e-01 7.212686827210899043e-01 4.971873933256363426e-02 -9.275573459494543815e-01 -4.273091536770066146e-01 -1.475945384575880204e-01 -6.202634222235099415e-01 1.716633538810674819e+00 -7.984385942495292321e-01 -2.085916135876628441e-01 3.684133265455920014e-01 1.405877407928496081e-01 1.593761664911581333e+00 -1.561339899126095998e-01 2.092865002577771749e-01 -1.119550228099620126e+00 -2.151175866891600119e+00 1.741565643861156643e+00 -2.452564304283110452e+00 1.611337676239579908e+00 -4.100505329480420569e-01 -1.579445145990590049e+00 1.395050618968175948e+00 1.607431578873771860e+00 8.144108290700297070e-01 1.747325554338492459e+00 -1.332249509824284361e+00 1.474241788498315886e+00 -1.710108463791785605e+00 1.228903287204493378e+00 -1.304096961094013851e+00 -8.025941389609985155e-01 -6.864500228324076081e-02 4.447257034270785808e-02 9.131348428079212598e-02 -3.029191340622557349e-01 4.139279492628971102e-01 -3.909254921610569311e-02 -1.808096822558951544e+00 -6.839618800577000612e-02 -1.590693081890746985e+00 -5.464310581196599736e-01 1.051916876786387567e+00 1.028718447801264313e+00 6.649280855381498601e-01 1.047986697654832211e+00 -9.044366650884161363e-01 -9.028738252258318164e-01 3.382807430217977807e-01 1.014290068489809737e+00 4.445353044141463483e-01 -6.468328622256749316e-01 -1.900686760182426216e-01 1.098762296760188883e+00 -3.473874464570432807e-01 -1.306834580741500051e+00 5.686624170239283904e-01 9.918184758904390330e-01 3.340962673757407186e-01 5.827605617011748507e-01 -4.577748997620506577e-01 9.463242428727285382e-01 -1.300839624272081663e+00 -1.545430156850916115e+00 -8.928836847020057421e-01 -6.488036439178708203e-01 6.799958135745477472e-01 5.784445864029177375e-01 -4.109513521748541787e-01 4.297266301490597629e-01 -1.630232595148922492e+00 -1.660131384777973951e+00 -4.864607453849623675e-01 -7.538997300895413645e-01 -1.008685135577058301e+00 -4.876831493350283764e-01 5.145855106396201029e-01 -9.383199510235665786e-01 1.819087787448610660e+00 6.898468308447750497e-01 2.047223705394478621e-01 1.136457925698443727e+00 -1.568670142959929015e+00 2.030356255790057851e-01 4.906741635809670488e-01 -1.696513580705289792e+00 7.308179711194429107e-01 -3.179274600856313304e-01 -1.076302407817429987e-02 2.228532015353218210e+00 -6.449233984857256630e-01 -4.040659547829145715e-01 1.307851059228622770e+00 1.801708360745448489e+00 1.003291324409744112e+00 -1.150787067268279396e+00 -3.075059300299716747e-01 -1.268320930238454824e+00 2.807079197954974181e-01 -1.093093923445424831e-01 -4.364167502812020816e-01 -9.101194904678345798e-01 -2.285833836464810087e-01 -1.025665015018889292e+00 4.219590398661620112e-01 -1.400202389379650914e+00 -1.733810839164276141e+00 -1.490445042032194634e-01 1.583473173349677909e-01 -2.183357818605851097e-01 -6.230440689498045748e-01 -1.481019015449494880e+00 -7.362929580855944733e-01 7.107841728366225409e-01 -5.013134473737272945e-01 7.713996712758015573e-01 6.740419839887211717e-01 -1.515727248419636020e+00 -4.725020240063879801e-02 -1.449634078209240728e+00 9.109792342421112465e-01 -2.469414481523364568e-01 1.001598668802017311e+00 6.018470524283989764e-01 1.276385943876562123e+00 9.055728212672524702e-01 -1.281121392902193346e-01 -1.046724683470806383e+00
3.381980515371474927e-01 -1.038626374538340169e+00 1.256069135507287049e+00 1.401245532522268356e+00 -1.304106340047153090e+00 6.986936470247031572e-01 1.785709123278943711e+00 4.074880690745903977e-01 1.863678968183885287e-01 -4.070411646820401574e-01 -5.148768165480941406e-01 4.890905836829017583e-01 6.639181282760812930e-02 9.524622910601103776e-01 -3.648024266019515849e-02 1.837259707509653506e+00 4.205653707244554895e-01 1.324095107842011010e-01 -1.546170707074026041e+00 1.866026574906729518e-01 -4.721497888863273040e-01 1.062525610692385714e+00 -3.874279592084181600e-01 8.118278946240821137e-01 7.645407677527066292e-01 -1.678476747963669080e+00 -5.319256673153772708e-01 -4.473004872949126187e-01 7.901427890335311233e+00 -9.700149857870895564e-01 6.566461280928560518e-01 1.378022711324822458e+00 2.585301204596870961e-01 1.130194485492246881e-01 1.173672927413585559e-01 1.291892334689241362e-01 -1.102068580333718240e+00 -1.428394465785968848e+00 1.053699982742045460e+00 -1.114500857641972376e+00 5.304422248679437762e-02 -7.742151426208914167e-01 -1.657857270066498190e+00 3.932816425263049309e-01 -6.818165861803782146e-01 2.644968474182433082e-01 -1.408609957642235344e-01 -1.224276551890083997e+00 7.045840849873167278e-01 -1.030053579491875837e+01 -1.335883652960675322e-02 4.017591552394261800e-01 -1.492357344090523119e+00 -2.984328475347400866e-01 -8.002090626876711132e-01 1.447218713042008664e+00 -5.133112772015302472e-01 -5.231171383545637488e-01 -6.785584616924635881e-01 5.656846417565555285e-01 4.914510812045080890e-02 1.743615336095503565e+00 4.894465093242896664e-03 -2.043870820820936629e+00 -4.691907155109262817e-01 -2.365239187590042202e-01 -8.250221459207653929e-01 -4.193582784595962232e-01 2.102799850338942234e-01 -5.432032175176265687e-01 -3.128064116990598276e+00 1.094086345797412152e+00 -1.579841061162063465e+00 1.996594948718447005e-01 -9.306916468226885675e-01 -1.104017601444264862e+00 -4.454517180545212174e-01 2.655920956166451852e+00 -4.723753177783379664e-01 -6.997099444235903576e-01 2.569023784837655144e-01 -6.376571758035651794e-01 -8.121496509598293834e-01 7.860042784106814340e-01 -5.379915432622136562e-01 -3.564834146018090455e-01 1.246589904477780397e+00 1.928328606026540992e+00 -1.228912391837276630e+00 2.567817525515661448e+00 -9.487575158588592572e-01 3.371189567015963062e-01 -1.966432694803827541e+00 1.098480967491297644e+00 -1.108097035132997510e+00 7.329444331540856394e-01 -1.332057288671921080e+00 2.176417743653163317e+00 -2.297680448135991371e-01 -2.167426889510411847e+00 5.933235280825547298e-01 -2.037583553909329215e+00 4.977092258837081951e-01 4.654689638869441426e-01 2.622957144888828918e-01 -7.580401981933685418e-01 -3.651247261557417911e-02 6.197162297641333195e-01 2.226864667164066613e+00 9.602201690333305173e-01 -1.520195826667412320e-01 -1.184598664347092711e+00 8.386997648133700523e-01 -4.154000583740364849e-01 8.272683212466579172e-02 2.034735102453675941e-03 1.471303441433321924e+00 1.762259216591608890e+00 -8.954629452113893606e-01 -2.627824372802402664e+00 6.747138073922994694e-01 -1.832568798686817990e+00 -4.339987719080842243e-01 2.227333261268793940e+00 5.793526514020992391e-01 6.253164091024085991e-01 -1.572506637258053175e-01 -1.178674734913166100e+00 -2.444999121677033163e-02 -5.999551586654894297e-01 -1.666961230944022931e-01 -6.816585218982696565e-03 6.690425641463219053e-01 -4.196003757177484417e-01 3.617810347576877472e+00 1.197507292117013511e-01 -8.166690169843168201e-01 9.976210078505846068e-01 -1.305305575378156391e+00 4.624669447088109453e-01 -2.549375553848645670e-01 1.715364320707588042e-01 1.172465985702389357e+00 1.358002126125364695e-01 2.693767803533426264e+00 4.960473520621611065e-02 -1.935333998117511056e-01 1.576716708431930902e+00 -8.651877977787234553e-01 1.292335552537278831e+00 8.958579508094727251e-01 -3.532928653740070868e-02 -1.197084171573707279e+00 -8.634349444772434490e-01 -1.446555694636837641e+00 4.835895004308343736e-01 2.243902001172941585e+00 7.335122036735988171e-01 -1.167559032673943342e+00 -1.084232157298274712e+00 8.058526134786069273e-01 2.404316906246988239e+00 -1.436070825229169623e+00 2.744298619201707146e-01 1.358611961757102415e+00 1.396198842855655542e+00 -2.595099815358879458e-01 8.777810669232160024e-01 1.122922873373871366e-01 8.737791305917937956e-01 1.463487509722194879e+00 -1.505449855885361954e+00 1.987064767076725191e+00 -6.380233731244213669e-01 -7.031568955180131919e-01 -3.510269382391127402e-01 8.803485473228286340e-01 -1.393599939811421828e+00 6.384479618834695280e-01 4.655563626323587501e-02 -5.972594570597831165e-01 9.428497307203845823e-01 -1.364470191994477943e+00 3.791473902902114390e-01 -5.564417485391682794e-01 -3.477519140445042845e-01 -1.315482351932299343e+00 6.240067481553124296e-01 7.252161997864877696e-01 -2.359431213495345236e+00 -8.542667341544000204e-01 2.739953393749371968e-01 -1.145569718583775654e+00 1.189990442745386456e+00 -1.226063514701232648e+00 3.754277001171775208e-01 -4.501633159851227139e-01 -1.870527082439495392e-01 1.207843654517064769e+00 -7.554227376463340526e-01 1.723375964318236697e+00 5.904274987498631111e-01 1.541898442695106342e+00 -5.678663049289864873e-01 -1.382018062408948866e+00 -2.587879324358762292e-02 -3.633438839373551166e-01 1.055784443402538325e-01 4.708768943828257614e-01 8.723373586896638887e-01 -6.611303168968235555e-02 6.153346559118261228e-01 4.418552840118735725e-01 6.286982917152079686e-01 4.044815841935888168e-01 7.969947770627422434e-02 2.622454289393824634e-01 1.221063512050014344e-01 -1.078725871119062152e+00 -1.034109115043194693e+00 2.333100584611061401e-02 -1.146978876218814891e+00 -1.310683078404385915e+00 -4.989379671505822511e-01 -5.849102225176248115e-01
6.586975540064179402e-01 7.023269128130806838e-01 -9.291484811216661477e-01 -1.247406129679489606e+00 2.018949168055997223e+00 -2.184615078305947033e+00 -4.730007209427454784e-01 -8.554780542032220936e-01 9.678106326399414927e-01 2.021958463584848098e-01 -7.709547278142790949e-01 -1.541565215395266142e+00 -1.743464158442168399e+00 -4.386679160615153394e-02 1.563081998196404199e-01 5.873524721458668330e-01 5.858751195753502117e-01 -3.477162584990615146e-01 -3.369835328330001434e-01 -1.098199249511077752e-01 -3.846618336487980794e-01 -9.612101221740481094e-01 7.266545808325242106e-02 -1.776954658382001950e+00 2.242267474322289650e-02 1.562457890781426273e-01 -6.384651482002619005e-01 1.522229532359147930e+00 1.644947446309595218e+00 -9.266279900689275983e-01 9.680451183264421333e-01 -1.531837234776805445e+00 -1.247079705089648050e+00 -1.840834137121758696e+00 3.486596174147548188e-01 -4.174793713384406524e-01 -1.139829613695256372e+00 -1.520845724063346838e+00 -2.469071043435548507e+00 -2.175367168570017107e+00 -1.871289745587565237e-02 7.572845058246113759e-02 1.659560697350589142e-01 -5.595082292926240042e-01 1.371721383406913519e+00 6.688161210653256750e-02 7.424528349862113963e-01 -1.828039864554787730e+00 -6.342939056076655202e-01 -2.396067374564702757e+00 -5.534322468075643098e-01 -1.050884454236891585e+00 9.654028637721918660e-01 -2.590628309410283880e-01 4.846831314925093559e-01 -1.697271645714452104e+00 -1.068534148936005068e-01 -7.347799392505159899e-01 9.917082071861021975e-01 9.257535883378759101e-01 -2.425464293068953392e+00 -3.290754959456264617e-01 -1.250689171005707090e+00 -8.103411781962428506e-01 1.009200410803011483e+00 -1.012392108026401449e-01 3.377348701322986368e-01 -1.066472471337814865e+00 1.308900692887514094e-01 -1.528615696787532396e+00 6.339931665086971924e-01 -2.771367959196524011e-01 3.334788336636712036e-01 -8.163477482701877452e-01 6.800016195477594227e-02 -1.847660144779559588e-01 7.973912691182707957e-02 8.975403773995134227e-01 4.917850452248201942e-01 5.261657871474494375e-01 -3.011266383854370732e-01 1.325132864868748817e+00 1.918045992890497820e+00 2.062374810143230430e+00 2.475513639121662113e+00 2.164789907804927083e+00 -1.171432259121489572e-01 1.927100762306201087e+00 1.120292508021874411e+00 3.892108257776997760e-01 9.507968301744444684e-02 -9.642722755478221330e-01 5.652150002983342691e-01 -1.036178941051337343e+00 1.401514276206154541e+00 2.362787108343247788e-01 -5.647366108674592988e-01 3.168506427600600306e-01 -2.780742971279286102e-02 -5.796626465062307831e-01 -4.801304462968409847e-01 8.895513219403738958e-01 8.159619145454316547e-01 7.852353585144034032e-01 -1.109919198829771636e+00 1.566840974971182465e+00 -1.139370532639950806e+00 -5.583061939024752673e-01 -2.464250996104387637e-01 9.221875088826764211e-01 -7.208882160760680113e-01 4.135414816293732088e-01 -4.641923703208555296e-01 -3.685352086031626340e-01 -1.171783504806504839e+00 2.076934680719312032e-01 3.900962649963115592e-01 1.703654978541019993e+00 9.221894919540771784e-01 -2.695730477757965482e-01 -5.637073450586286283e-01 4.056291818458445109e-01 1.414369578843172492e+00 1.192614384118506621e+00 4.109620721592341930e-01 -6.505435152667594645e-01 5.494830439785861609e-01 3.717528243970235069e-01 7.792380432234043974e-01 2.139152255276128012e-01 -1.077510326534690366e+00 1.471998395860841136e+00 -1.802862863048197539e+00 -4.688816169538810308e-01 2.807461675483555741e-01 9.128525976066438619e-02 1.442809740701001431e+00 -9.850937481950305941e-01 8.498370958413382636e-01 -5.556751222789948486e-01 -1.363430198552353367e-01 1.492014848333978128e+00 8.501720523353288872e-01 4.428781109460930981e-02 -8.019369070300658153e-02 1.382052661160045048e-01 4.405861499805873716e-01 1.442281193147127993e+00 -2.860810254198655200e-01 1.722513188249957139e+00 1.261931979802965564e+00 1.673747884593726143e+00 1.598634537725832860e+00 -1.633727143238901114e+00 -2.111816629215474084e+00 -1.406569438742848011e+00 -5.117938719816701454e-01 8.646978804510471184e-01 1.895970256142167853e+00 1.023655565131652789e+00 -1.209212418977827275e+00 -5.171521683132380698e-01 -1.108718604938202290e+00 2.252376718921541787e+00 5.470804599033921717e-02 9.381596943439478586e-01 1.140990336687442985e+00 -7.211193712212260465e-01 7.002269186497179776e-01 7.331647528633542521e-01 1.339124549143917653e+00 -1.299198090339955591e+00 -1.289277090495514339e-02 1.310373652679272194e+00 -9.138327244810722227e-01 -1.407976394305693990e+00 8.543864617127799876e-01 5.232178362245227810e-01 2.076113094805227266e-01 1.149245098783721719e+00 9.586795430181156430e-01 -4.015480413524716852e-01 1.667414731417887541e+00 1.235095736263343014e+00 -1.681142722084044250e+00 -1.457370835759274730e+00 2.606333356230120524e-01 -1.232584207164145074e+00 -3.310542278344204559e-01 -8.224225466955122910e-01 1.044561341425273238e+00 -2.063663716987904628e+00 -6.641713627428285083e-01 2.022001844690744510e-01 -1.333320207156833970e+00 4.413462744391943859e-01 5.569161121410806103e-01 1.264344168962724613e+00 1.111166860297897907e+00 8.495449799176646444e-01 -1.177640010933016512e+00 6.909048672409630054e-01 -9.959951159147235611e-01 1.020641357762612556e+00 -3.940832248817400241e-01 -4.704153124551346821e-01 1.003256767728806897e+00 2.552212147620602778e-01 -8.116748313114557911e-01 1.947604415443207060e+00 1.067159840976354079e+00 1.473757468482418176e+00 -9.353114900344485783e-01 -1.454185423042808845e+00 -1.165152526003618849e+00 5.472940200599302890e-02 8.414441623864830910e-02 1.376989995734503980e+00 -6.189402194989245265e-01 -6.761896581122561756e-02 -1.097902109994733033e+00 -1.119601805252584903e+00 -5.624078126978339087e-01 1.186102155905542688e+00 -1.250625966602255112e-01
1.590778664711756551e+00 -6.861015414282656266e-02 3.757923186334189758e+00 -1.348525167353659682e-01 5.885118481968810988e-02 7.729487576810682992e-01 1.320783687450580279e+00 -6.483236298243051643e-02 -7.909059683117388717e-01 5.460739521825965781e-01 4.512132637993320761e-01 -2.718067144256818279e-01 -8.333321690195871767e-02 1.284545062183823916e+00 -8.610009293020868260e-01 1.502782901249549025e-02 -1.279421750682283726e-02 -1.849444266008133830e+00 -7.061424765988548735e-01 2.498391374748952787e-01 7.797729737871308409e-01 -6.210387026926507126e-01 -1.823834252074916673e+00 -1.577111391119972450e-01 -7.817304250627870044e-01 -1.113429588586019481e+00 1.047201583554913107e+00 -6.754886347226076726e-01 -1.878548745606060943e-01 -1.324197082239370937e+00 -2.620114758481685846e-01 -1.624063916545060327e+00 1.361908062898278926e+00 -8.699378934937946894e-01 -2.805338775445582744e-01 3.430032282195107918e-01 -5.968207245071380923e-02 4.065221987638285572e-01 3.003519917183737342e-01 -1.001291957759048667e+00 4.176891861206609158e-01 2.109113760764593781e+00 1.858060166952498760e+00 -2.198985821946083163e+00 2.243324095646543892e+00 6.169510534639628396e-01 -2.337398447926422596e-01 4.536789450782219846e-01 1.242528947783031468e+00 1.454187159076053004e-01 -2.764425396905301757e-01 1.236539695066722233e+00 1.441149948955739113e+00 -4.641191239217407061e-01 -2.364687790936566003e-01 -2.795387951379277869e-01 -1.208533698127072453e+00 -2.161870418271441441e+00 -1.370670548982756198e+00 2.602602383573980882e-01 -2.964475048086214759e+00 9.191908595197502141e-01 -8.108424348789352587e-01 -7.648241117516457743e-02 1.140385821227920315e+00 -2.134122079287795182e-01 6.460542605786057102e-02 -5.546759480943230791e-02 1.097909970799306745e+00 3.049206372532421216e+00 -1.820645773618351920e-02 -2.424309883675120417e-03 2.812220394660152611e-01 -3.974076658699039061e-02 2.455817137723604660e+00 1.918521553048664063e-01 -1.925135356715067969e+00 -7.482935260411758271e-01 2.378908345110434253e-01 -1.643919770924408441e+00 -4.033825545422775605e+00 1.344474556160386136e+00 -1.521091196855910432e+00 -1.186694416126007345e+00 -1.039937236594243419e+00 -1.466535578271436768e-01 3.084732106938442020e-01 2.208599334525305213e+00 -4.340413623312889824e-01 5.480531284963641864e-02 1.473081838829618073e+00 -7.574199354395519945e-01 -8.882691018910368608e-02 -1.068004651395147331e+00 -6.802717147954775445e-01 -7.884962574377950562e-01 1.506470822921865738e+00 -9.735689738825284434e-02 -5.302783178032307587e-01 -7.638690012129640827e-01 4.221974403707698720e+00 2.453398354484905397e+00 5.020855655609647306e-01 1.189623521659214589e+00 -1.068926951516594892e+00 -2.972188029021922973e-02 -1.232714715520171339e-01 1.663350515552784570e+00 9.915767553704289972e-01 -4.621768044152514965e-01 2.221203937609121493e+00 -6.550072292386548423e-01 2.458683391722589762e-01 3.718431802170352629e+00 9.630955380125418852e-01 4.568385559399797957e-01 -1.072810947084089417e+00 -1.298836329279091650e+00 -8.439510883623004833e-01 -5.528859397051202329e-01 -2.342060445295952864e-01 1.253213982880608146e+00 1.057193618931747459e+00 1.468861539169703301e+00 9.433278328919582068e-01 -1.857133949156288821e-01 -4.730723597157460714e-01 -5.457823740505408638e-01 -7.353172654019828336e-01 7.715442001027026375e-01 1.855210885173489144e-01 1.034052057557600213e+00 4.427052160449152396e+00 -1.248355227167220693e+00 1.872326663904912980e+00 9.340732617945450844e-01 -9.845735404448550110e-01 1.185808985463390475e-01 -7.788903998160737752e-01 3.368933812543679629e+00 -3.030758302815179106e-01 2.771020630767323745e+00 4.190708855781190567e-01 -1.452287618319069384e+00 -1.794613939420044435e+00 2.097367456756318305e-01 3.995451326494426358e-01 -6.689898646647247205e+00 9.780691099983768177e-01 -1.298233044727072905e+00 2.189815647008436450e+00 3.625351162606664346e+00 1.372260049633752921e+00 -5.289488314047839923e-01 -3.044856971936818368e+00 -1.998436003634317393e+00 -2.496368782535233755e-01 -9.082483872072419917e-01 -1.532131278855549006e+00 7.203270590922276062e-01 5.540937821835576482e-01 -1.531584219062229524e+00 1.172646103992705108e-01 7.760858917272625557e-02 1.081310834425013523e+00 -1.251669702640004322e+00 4.037420680008814156e-01 -7.028198342365248319e-01 -5.790870206220009031e-01 -2.748472490662466905e-01 -3.531186867864672396e-01 -1.370698706358290719e+00 -1.378948396309654344e-02 3.485240118834204148e-01 -1.381824617396145261e+00 -1.250907256853134308e+00 -6.895949303639397066e-01 1.545728636900824071e+00 -3.908739517503979410e+00 4.438647578035170294e-01 3.342374995668279669e-01 -1.610403535650360096e+00 -8.360487310101809288e-02 2.138933093460296586e+00 -2.161809762228673604e-01 -1.283085397962938412e+00 2.893621454557829153e+00 2.000424436728154731e+00 1.541184439309245757e+00 -1.389350776224556494e+00 3.572395779865162463e-02 -3.696488632504489336e-01 -6.657103799125114740e-01 -1.977112825525640716e+00 1.068582975193811624e+00 -8.911250732923847728e-02 -3.533531987191216861e-01 4.098264951402502687e-01 -4.472541477196721738e-02 -1.477695816946291263e+00 -1.494926452066976497e+00 -1.774879580757060316e+00 5.966788662906346019e-01 1.453861225177892846e+00 -5.870478984444903459e-01 -1.848654553989314886e+00 -4.159445844100886802e+00 -4.269341954274036843e-01 1.195330820964740193e+00 1.151495330203495593e+00 7.632119084380193375e-01 3.721187154791288365e-01 -9.638214168677935456e-01 -5.892019076053082172e-01 1.663819395344139362e-01 -9.802070815314287699e-01 4.616066320379438870e-01 1.913780728694742361e+00 -1.397010403683995594e-01 2.571350804892796327e-01 -3.353512252013912120e-01 -1.696530899135470616e+00 -4.803093005135206789e-02 -6.389953407596880020e-01 6.192830749171402971e-01
-1.987650280202862829e+00 3.667522522537447482e-01 -8.611770810545289756e-02 -2.210824754395893654e-01 -1.713975018496798619e-01 -6.052748121865512143e-01 -1.356932527348559958e+00 -1.351166743416040594e+00 -5.518018728459136435e-01 -3.653762095843952618e-01 1.687295090563274425e+00 3.628822132876275419e-01 3.624411121276060327e-02 -3.886078608805846879e-01 1.484006803264925622e+00 -1.742563725957636311e+00 -1.134738338621412490e+00 9.283049353378186597e-01 -1.667329970235219283e-01 -2.625985333076458872e+00 -1.429641864638747206e+00 -3.741620441964587096e-01 1.444951305493366867e-01 1.036325209389605595e+00 5.159864721569814572e-01 -7.792625207511809649e-01 1.441296312872089480e+00 5.942080677212976253e-02 -9.773656904258973266e-02 -2.414020728843670582e+00 7.524818499805040473e-01 -2.246000594815447560e+00 2.445290346736456732e-01 2.608642768809782186e+00 -5.352272274389620055e-01 5.132919909697166716e-01 2.673748055274781654e-01 4.734693953156487445e-01 -9.577073373847098114e-01 -2.112705094950914297e+00 -1.676467078339291816e-01 1.110634445378765323e+00 8.496662192074042608e-01 1.396997740713314062e+00 -4.752053707579700914e-01 4.632249283826722630e-01 -2.349970175991082932e+00 2.356129413563941011e+00 8.339099330682279154e-01 6.897830897287540730e-02 -1.870874011583582019e+00 6.579226660319890119e-01 -8.059682252772074063e-02 -4.543011075280414292e-04 2.118153853998369640e-01 2.434602471904893928e-01 1.408525162279856691e+00 4.535929040777783583e-01 1.982566607697626271e+00 -4.816283798023663354e-01 1.389163144368139147e+00 7.985009191021197328e-02 -4.055605060856594113e-01 2.806261020030849540e+00 -2.310656913683334146e+00 -5.586272882246916538e-01 8.045373832671580683e-01 -6.032156995233863839e-01 -1.238091077751982683e+00 9.183912494116397429e-01 -3.139263471076696899e+00 -1.413420563039468059e+00 7.206972333510685003e-01 9.927538161409996675e-01 8.577997713997949358e-02 -1.006523578571601352e+00 -5.162716157050328825e-01 -1.505100343696915255e+00 2.776698826729422365e-01 -2.045118250340129951e+00 1.761896085752971963e-01 -1.203062639938180078e+00 2.157999589949171071e+00 -2.184875295750924096e+00 1.003074037288744780e+00 1.438588271750117054e+00 1.425989019044190398e+00 -1.162963167663445541e+00 6.837606809328462543e-01 1.884647730809572153e+00 1.416836184173527968e+00 -4.657097942049006623e-01 8.678886297481251955e-01 3.324594843252899889e-01 3.886014440326053809e-01 1.059523886259254644e+00 1.930896279855333741e+00 2.791960519231031945e+00 5.331888226484166049e-02 1.873128515745777101e+00 -1.448105513676503975e+00 7.926110175859980567e-01 -1.926272333247252000e-01 -1.327509466161704843e+00 -1.279549659333454770e+00 3.122430212615316947e+00 9.279206233267628390e-01 -8.670083676177271492e-01 1.836764780312392376e-01 2.609980130879279159e+00 8.108868080232810582e-01 5.828994035412790597e-02 1.086245768067978373e-01 -1.063678105437115828e+00 8.665948024889263968e-01 1.803521353288534967e-01 -2.772599321177917631e-01 4.381323907435720422e+00 -1.172957136777879494e+00 1.510961862216151363e+00 1.553328216340876589e+00 -9.497674134460433182e-01 -9.737566384662534880e-01 -1.877926105959125014e+00 1.408586777021641590e+00 -1.346218340485380693e+00 -6.175986280739729217e-01 8.290862792608785226e-01 1.230244708915275265e+00 6.251578322715166391e-02 7.192550954710988931e-01 6.617637278782315668e-01 -1.855387726340182564e+00 -5.232161843703936333e-01 -1.841914172314640608e+00 2.119851215312729131e+00 5.983811245756419650e-01 -6.151590733123759591e-01 6.551414832333244398e-01 -2.098563124947564251e+00 5.960135147429094366e-02 7.735810968276676247e-01 8.968650926461094741e-01 4.729953915648095752e-01 3.352997736180515775e-02 -1.432944351055756904e+00 3.797670345972636308e-01 -6.858216947246462691e-01 -1.380471059976863257e+00 5.075029063055960243e-01 -1.762094995903263461e+00 9.993758563298622555e-01 1.378884033461368785e+00 -1.967853348947671555e-01 -3.756531848333405366e-01 2.513875461327130245e-01 -8.877395875687315030e-01 -8.242242346143762166e-01 9.646527458220126583e-01 -7.040462495523842623e-01 1.964968124776813596e-01 -1.992306602139183980e+00 9.115212115070433496e-01 -1.739421075099248482e+00 2.464006213286924929e+00 -1.937910207230207682e+00 -8.943952781224431825e-02 -1.869617006971306505e+00 -1.014899612585834721e+00 -4.653413629317511013e-01 7.297889081140715994e-01 7.113901702051643114e-03 -4.743029251316859818e-01 1.064011455449766386e+00 -3.615954276867618944e-01 -3.192488727996338205e-01 2.063379485180742989e+00 1.659428970600997699e+00 1.132757468357857400e+00 4.284402699343222709e-01 -2.114073757359733186e-01 -5.856924289930773853e-01 8.608340098541239493e-01 5.475448580202053606e-01 -1.081357241630905852e+00 2.134472852750131544e+00 -4.840354053271667678e-01 2.042255079642842475e+00 -1.892051112510821642e-01 7.745773753232837455e-02 -2.565169400327035332e-01 -1.077211414614851481e+00 -3.656249889499025851e-01 2.906243602028843118e-02 -2.503736584974435075e+00 -2.827589168848865242e-01 -2.988672704434760519e-01 -9.793963072934667169e-01 4.237425591298891181e-01 1.121561862895484180e-01 -2.408132830737212071e+00 1.738920358868180749e+00 1.404298490135624522e-01 -2.377870256050450271e-01 -2.023121611810235532e+00 1.093129474707735582e+00 -3.138816888077490930e+00 -4.772949919558526766e-01 1.516044689619792107e+00 -4.360495895366125335e-02 -1.914495120637030423e+00 9.509736702847691736e-02 1.242558601500744764e-01 -1.134503622854747151e+00 -3.924234352444085916e-01 4.264592898539514287e-01 -2.505331912667242977e-01 6.874216796882899327e-01 -1.518755090889720494e+00 2.228499531526680233e+00 -6.209331182336460531e-01 1.261130146028748733e+00 -2.145346981760080318e+00 -7.409016261246539892e-02 1.598445187537269607e+00
1.896006771947871483e+00 -1.527268600336586235e-01 3.136675870852041470e+00 4.887159056881721919e-01 -8.967627380662137604e-01 -2.521051006176056486e+00 8.783787824531407162e-01 -1.219534003027505475e+00 -3.158085615768864707e-01 -3.575991011242066753e-01 -1.278221378026341615e+00 1.064054632421038704e+00 4.407342601647742386e-01 2.004393209897572525e+00 1.120691640949059487e+00 9.601178896381045158e-01 -1.752122121707538449e+00 8.450960722040836703e-01 1.452076350625851386e+00 -7.390897169386229093e-01 -9.868545390768176384e-01 1.851645873917310836e-01 3.133864023541455435e+00 -2.302556132993336835e+00 2.656684487772294490e-01 1.045716276376771336e+00 -1.688798888263236542e+00 -4.279594925674435890e-01 -2.600677947965721049e-02 -1.835936234723157368e+00 -8.404064128056074612e-01 -1.166135171604556264e+00 -7.592011862512580977e-01 -4.857578636183266241e+00 1.308773062328121295e+00 -1.499416434497388706e-01 -1.372772482952373529e+00 4.899468874138034891e-01 1.673976625356037085e+00 -1.035046181605561832e+00 1.494945254774784904e-02 1.468965640832086361e+00 -2.196201209185596248e+00 -7.641877732778534771e-01 -2.232531425065456876e+00 2.524262568407639740e-01 8.083738591901755699e-01 6.551104279216530824e-01 -4.601775166997109645e-01 1.035587275361885690e-02 -1.708247092457846339e+00 1.360216322241015963e+00 -2.276982258520436897e+00 -1.637268298803149280e+00 -3.534090348382582514e-01 1.493814524272244926e+00 8.537235159575030652e-01 -2.386648239552266459e-02 8.606550260822052323e-01 -2.123481247447086828e-01 -5.835514834110928639e-01 1.288082310834219202e+00 1.732449888821989692e+00 9.077946170205639653e-01 -1.251839178350543369e+00 8.854026959837985045e-01 8.228790707242621405e-01 1.355059268327260424e+00 5.859317286470687725e-01 1.032819841316814091e-01 -1.591259592800316813e+00 4.255957471157391092e-01 7.010881037723343256e-02 -2.341965403430789738e+00 2.863128342512062940e-01 1.015545570715833623e+00 7.427019004523641721e-01 -9.204357125022472053e-01 1.038844658935036858e+00 -1.644819213624022058e+00 8.402968105688678468e-01 4.147391757140729829e-01 1.040887916700180410e-01 -7.250875325863620491e-01 -4.516411280125142702e-01 1.105366793452597030e+00 1.468544216733321583e+00 -3.117338006704202802e-01 1.076312084866354102e+00 -6.341344347246629098e-01 8.926042666992330954e-01 -2.448134969144605488e+00 -1.611801474981419791e+00 1.094164983866148022e+00 -4.210990527836525055e-01 5.324684351770472834e-02 -4.792520624404151275e-01 4.737340770891869668e-01 6.473727046661696960e-01 -1.123242398865375025e+00 4.885540974609191567e-01 6.663980656341074171e-01 -4.365152705034068270e-01 1.976202185997259220e-01 -1.134984421327967619e+00 -1.524365350595260793e+00 4.490255782170280985e-01 7.029104304013534810e-01 2.375080480178679121e+00 -1.021791826428113170e+00 1.015872260358116064e+00 -2.553406065107188816e+00 -8.342056732483172921e-01 3.678571958176710233e+00 8.416334275331643910e-01 1.764852806879742275e-01 -2.812636820775116231e-01 2.713419685516235691e-01 -4.023688891928622335e-01 6.103569630396825652e-01 2.235700826339536568e-02 1.201213129961917536e+00 -1.709460944738668831e-01 -5.406882282939522444e-01 -1.960607337987716470e+00 -4.617276991391924490e+00 3.032995087784794985e-01 3.175829065171295595e-01 -4.161793787356245500e-01 6.758194854794009887e-02 -2.568701739022487551e+00 -2.777993049460079966e+00 -2.399798033429620114e-01 6.122791508295826191e-01 -2.747655388222757900e+00 -5.437234265282838708e-01 -1.354277921457119005e+00 1.488076829185230598e-01 1.575163164150233719e+00 -2.228503429719283613e+00 -2.467837865121798313e-02 -7.094319152920233185e-01 9.270263106983218648e-01 -2.270774310081351111e+00 -1.007585957194459425e+00 -1.271724967940910389e-01 1.555467895707158821e+00 1.752947272526973244e+00 7.905431821476182064e-01 -7.923828840380060523e-01 -1.270053792941853832e+00 5.989473916080173543e-01 3.179668779481017449e+00 1.377655574233239699e+00 -8.761055003341559066e-01 -2.810000467885949704e-01 5.874338655601198944e-01 8.745045611574808753e-01 -2.603984306151474915e+00 -1.085699501617346296e+00 2.026587246032951040e+00 5.577560922499884555e-01 -2.865577420858086977e-01 -6.680109680380872383e-01 3.158596774250203021e-01 1.139370628429357685e-01 1.892592715666143732e-01 -1.052413007664732419e-01 1.307103651229391539e-01 -3.348151111516237122e-01 -1.129728601294355483e+00 1.841970981692000908e+00 3.218179850340023851e-01 1.699945805408279886e+00 1.579317751882710175e+00 -1.304274060485791420e+00 9.236808811419512655e-02 -1.180316400364550544e-01 1.347177172604606898e+00 1.125191085125225587e-01 1.579709370505915977e+00 -6.957445902656886894e-01 -5.857810986020036692e-01 -2.635875993856421351e-01 1.370042727163677476e+00 1.592254538385253992e+00 -1.802620003159622619e-01 -1.399487605626730025e+00 1.209865978067745873e+00 -2.574696795615002420e-01 8.160336565300601031e-01 1.263865425109382601e+00 1.434736241127364753e+00 5.354252281460938345e-01 5.431404259016268110e-01 -6.528951783470458015e-01 -4.994564510126014434e-01 -1.574880004506333586e+00 1.765573743244446492e+00 9.996762183781188194e-01 8.911305738169329471e-01 -2.204904353490916069e+00 3.699768655998138533e-01 -4.428544810739290516e-01 4.614026976068862362e-01 1.668327467500257066e+00 3.435675978594595059e-01 -2.441318573990999052e+00 -1.445062721601097833e+00 9.022172245169256533e-01 8.434039655882052955e-02 -2.250213068746736433e-01 -1.248924620221580239e+00 -3.042925282166448770e-03 5.307233821788861355e-02 -1.186096427651597701e-01 1.671596620163056934e-01 2.220446664620332022e+00 1.706325479910278275e+00 -7.917727593637971517e-03 8.348105102370068087e-02 1.402570291794109414e+00 1.531716211222543089e+00 -4.372139971857675889e-01 8.320041844265779751e-01
